  0.505999982       5.23235574E-02   2.65947892E-04 -0.766504943       1.72617903E-04   2.49775147       2.90576275E-02  0.452222794       4.45954967E-03   2.97109127       3.71130370E-02
  0.512000024       5.42912818E-02   2.84920214E-04 -0.777171671       1.55868998E-04   2.73478580       3.43633741E-02  0.471491545       4.64445259E-03   2.97046041       3.17279175E-02
  0.518000007       5.60929663E-02   2.87654548E-04 -0.787886798       1.78962495E-04   2.91164684       3.25564146E-02  0.488340765       5.10142604E-03   2.92839527       3.06437928E-02
  0.523999989       5.79789095E-02   2.92792975E-04 -0.799155712       1.77362395E-04   3.17886901       3.81862707E-02  0.507652044       4.79462463E-03   2.99981380       4.64868583E-02
  0.529999971       6.07579201E-02   3.28223337E-04 -0.810387313       1.83772194E-04   3.55925393       4.54020500E-02  0.537013888       5.52003691E-03   2.98897600       3.35365795E-02
  0.536000013       6.37321174E-02   3.32328520E-04 -0.821728706       1.66656377E-04   3.92630911       4.54835445E-02  0.541749418       5.62439486E-03   2.96634555       3.08363028E-02
  0.541999996       6.65953234E-02   3.71605594E-04 -0.833215415       1.66936326E-04   4.28441286       4.95925881E-02  0.568946481       5.69077022E-03   2.90078259       3.03651281E-02
  0.547999978       6.91540316E-02   3.65761312E-04 -0.845203400       1.73506924E-04   4.67287779       5.40493503E-02  0.593636394       5.75473020E-03   2.91156197       3.13131735E-02
  0.554000020       7.35284984E-02   3.96115182E-04 -0.857295871       1.86248682E-04   5.32448292       6.57383725E-02  0.619951904       6.13589073E-03   2.90075326       3.09790075E-02
  0.560000002       7.69138634E-02   3.90156929E-04 -0.869505942       1.58271592E-04   5.89568710       6.38346002E-02  0.645138264       6.08120812E-03   2.88156319       2.56943386E-02
  0.565999985       8.09733272E-02   4.41870594E-04 -0.882081628       1.72562650E-04   6.72268963       8.44027847E-02  0.668355525       6.72967080E-03   2.95591879       3.24941985E-02
  0.572000027       8.59695002E-02   4.91487444E-04 -0.894580960       1.99030561E-04   7.59684181       9.27059799E-02  0.695947289       7.04966253E-03   2.91244841       2.74497904E-02
  0.578000009       9.18761119E-02   5.05265140E-04 -0.907560050       1.83273354E-04   8.62516499      0.108227082      0.738388836       7.06404354E-03   2.88663054       3.06315366E-02
  0.583999991       9.68876183E-02   5.90050244E-04 -0.921040773       2.03281117E-04   10.0017767      0.130438820      0.771781147       7.70566612E-03   2.96628308       3.38896699E-02
  0.589999974      0.105904587       6.64967694E-04 -0.935134172       1.91000378E-04   11.5594149      0.149884984      0.807974339       7.84056913E-03   2.81881571       2.91071385E-02
  0.596000016      0.114112206       8.18716886E-04 -0.948885143       2.09354461E-04   13.6136827      0.193261787      0.850186467       8.29524826E-03   2.84782124       2.96975207E-02
  0.601999998      0.125877649       9.00004292E-04 -0.963412642       2.03905656E-04   16.6171417      0.244796768      0.909852684       8.69968440E-03   2.83782840       2.99365595E-02
  0.607999980      0.141277298       1.11768325E-03 -0.979076743       2.09433972E-04   20.6446571      0.308417678      0.942926943       8.64996761E-03   2.72442102       2.68689450E-02
  0.614000022      0.155858025       1.44286791E-03 -0.994455338       2.14902815E-04   25.1386986      0.423850298       1.01016951       1.07963858E-02   2.70611429       3.25005464E-02
  0.620000005      0.178082973       1.72220368E-03  -1.01070845       2.53152451E-04   31.1853142      0.518660426       1.09233022       1.16379196E-02   2.55412436       2.68712677E-02
  0.625999987      0.199808344       2.35271244E-03  -1.02816808       2.86167546E-04   39.7008018      0.721882522       1.17356253       1.28953876E-02   2.49240184       3.01064327E-02
  0.632000029      0.249350846       3.00855702E-03  -1.04781103       3.72125302E-04   54.1149521      0.832243204       1.32568800       1.64872520E-02   2.20890594       2.66520139E-02
  0.638000011      0.291032791       4.42781020E-03  -1.06746805       4.57279792E-04   68.7316666       1.05612350       1.50837839       1.97272748E-02   2.06015205       3.11815515E-02
  0.643999994      0.383524537       5.23592299E-03  -1.09265578       5.85081463E-04   84.9246521       1.23922133       1.78357744       2.39320043E-02   1.68504846       2.32756827E-02
  0.649999976      0.475881726       6.13198383E-03  -1.11999953       7.53733912E-04   90.3987579       2.17892241       2.04428530       2.31171772E-02   1.43950415       1.92827210E-02
  0.656000018      0.581428409       5.32150595E-03  -1.14913821       7.02992547E-04   74.0909500       3.22189784       2.08115602       2.71111093E-02   1.23304212       1.18040908E-02
  0.662000000      0.678524852       4.05372633E-03  -1.17875957       6.30791241E-04   40.2707825       3.34929919       1.90271235       3.35824192E-02   1.10330319       6.74762018E-03
  0.667999983      0.741419017       2.03778525E-03  -1.20353961       4.41624288E-04   18.5746136       1.60641110       1.63790619       2.47939471E-02   1.04603326       2.63512228E-03
  0.674000025      0.773882329       1.79294380E-03  -1.22285426       3.94977105E-04   14.2361803       1.36119068       1.52030885       2.50020064E-02   1.03297782       2.18372466E-03
  0.680000007      0.805702686       7.88431149E-04  -1.24131608       2.73839949E-04   6.91370726      0.278944284       1.32882166       1.62248798E-02   1.01731157       6.20006409E-04
  0.685999990      0.828153491       1.08771957E-03  -1.25798333       2.68570904E-04   5.60318279       1.19123685       1.19871998       1.86579581E-02   1.01187670       1.26429345E-03
  0.692000031      0.846096456       4.78042522E-04  -1.27268493       2.36601118E-04   3.42190123      0.167528272       1.11676526       1.29273841E-02   1.00798285       3.28119117E-04
  0.698000014      0.860443711       3.57333629E-04  -1.28590083       2.02159223E-04   2.58346653      0.110569328       1.02925491       1.09711057E-02   1.00586843       2.07660618E-04
  0.703999996      0.872327685       2.83408561E-04  -1.29778600       1.75292196E-04   2.00893807       6.67870566E-02  0.967162430       1.00848684E-02   1.00447702       1.30434419E-04
  0.709999979      0.883346081       2.13422492E-04  -1.30923653       1.74798275E-04   1.60545123       3.52085270E-02  0.904024243       9.33869369E-03   1.00349331       7.20840035E-05
  0.716000021      0.892553091       1.87004436E-04  -1.31938100       1.62957862E-04   1.27025676       2.22699456E-02  0.855076134       8.44284706E-03   1.00271118       4.53803295E-05
  0.722000003      0.900694907       1.70350118E-04  -1.32917011       1.67796490E-04   1.06951678       1.75175760E-02  0.804126501       8.14413186E-03   1.00222802       3.59739788E-05
  0.727999985      0.907714546       1.54024761E-04  -1.33791327       1.46342689E-04  0.902687013       1.35716526E-02  0.757276297       7.55404262E-03   1.00184262       2.78406333E-05
  0.734000027      0.914340973       1.53092813E-04  -1.34650958       1.49864951E-04  0.816683888       3.47266346E-02  0.736307502       7.38962227E-03   1.00161958       5.55650331E-05
  0.740000010      0.920042276       1.22892990E-04  -1.35409999       1.43412428E-04  0.695539057       1.07167307E-02  0.697897613       7.33180158E-03   1.00136614       2.09441969E-05
  0.745999992      0.925474584       1.15039540E-04  -1.36157179       1.31296329E-04  0.599473000       7.77706224E-03  0.661838889       6.92043547E-03   1.00115323       1.50743736E-05
  0.751999974      0.930229664       1.17360163E-04  -1.36829531       1.38546631E-04  0.533543169       9.11216252E-03  0.630855381       6.42056949E-03   1.00101018       1.73821918E-05
  0.758000016      0.934524775       9.37824661E-05  -1.37469888       1.20305696E-04  0.477391243       6.78211218E-03  0.603569329       6.52137306E-03   1.00089073       1.34261409E-05
  0.763999999      0.938488245       9.48172892E-05  -1.38057530       1.22222424E-04  0.424776107       6.53831707E-03  0.583187163       6.34692283E-03   1.00077748       1.30738445E-05
  0.769999981      0.942400753       8.60511136E-05  -1.38667655       1.18399010E-04  0.374446601       4.53510461E-03  0.555748403       5.77437459E-03   1.00067878       1.01203150E-05
  0.776000023      0.945815325       9.11643801E-05  -1.39209950       1.25725725E-04  0.344167292       4.36809147E-03  0.534937024       5.63142262E-03   1.00061297       1.19884608E-05
  0.782000005      0.948813677       7.59052273E-05  -1.39701986       1.03746788E-04  0.309865534       3.71167040E-03  0.506992161       4.96992050E-03   1.00054431       8.34992261E-06
  0.787999988      0.951932192       7.32066110E-05  -1.40215373       1.11893052E-04  0.273783833       3.32869426E-03  0.474640310       5.11790207E-03   1.00047803       9.10093513E-06
  0.794000030      0.954583883       7.18509400E-05  -1.40653706       1.06407781E-04  0.252365142       3.05445748E-03  0.463889897       4.25096648E-03   1.00043416       7.29871363E-06
  0.800000012      0.957137108       6.88189903E-05  -1.41087258       1.04207444E-04  0.235146031       2.94061238E-03  0.449520648       4.68815351E-03   1.00040019       7.02412945E-06
