  0.505999982       6.02710508E-02   3.08627961E-04 -0.766560912       1.91634943E-04   2.48667431       2.99084447E-02  0.456716418       4.65926994E-03   2.92597866       3.22929583E-02
  0.512000024       6.18499517E-02   3.44728440E-04 -0.777203023       2.04231037E-04   2.72833872       3.37609649E-02  0.470542371       4.39887261E-03   2.96299148       3.09535973E-02
  0.518000007       6.47976622E-02   3.74952710E-04 -0.788193524       1.98179754E-04   3.02200365       3.69786844E-02  0.493504822       5.03670564E-03   2.98107958       3.11019719E-02
  0.523999989       6.69853389E-02   4.13947913E-04 -0.799244285       1.98055684E-04   3.21777797       4.08090018E-02  0.507976413       5.09334169E-03   2.97401452       3.71180139E-02
  0.529999971       6.92578107E-02   4.10308334E-04 -0.810496092       1.99465634E-04   3.56765866       4.52055037E-02  0.534873664       5.30961389E-03   2.98464489       3.76874581E-02
  0.536000013       7.28643611E-02   4.59118717E-04 -0.822098434       2.06804354E-04   3.95725203       5.38418889E-02  0.548560619       5.21543296E-03   2.98298573       3.55987065E-02
  0.541999996       7.59545192E-02   4.89226310E-04 -0.833699584       1.95446875E-04   4.24943209       5.91910444E-02  0.564522147       6.28768699E-03   2.90333986       3.02832630E-02
  0.547999978       8.04385319E-02   5.38411608E-04 -0.845478237       2.05045726E-04   4.90651751       6.92882612E-02  0.590078592       5.86423604E-03   2.96595812       3.76553573E-02
  0.554000020       8.30228776E-02   4.81908617E-04 -0.857088864       2.11371094E-04   5.32769012       6.20037988E-02  0.626733422       6.58709137E-03   2.97125673       3.36416364E-02
  0.560000002       8.72920752E-02   5.87096496E-04 -0.869336009       2.11805716E-04   5.84701777       8.02289844E-02  0.648915768       6.63989782E-03   2.90088272       2.78030001E-02
  0.565999985       9.30039063E-02   6.00069237E-04 -0.881999731       2.05551274E-04   6.69844913       8.88417959E-02  0.678591728       6.74581714E-03   2.92966080       2.95058247E-02
  0.572000027       9.79230702E-02   6.87570078E-04 -0.894469321       2.34296516E-04   7.64180994      0.116156369      0.700555205       7.03827478E-03   2.95809174       3.79467867E-02
  0.578000009      0.104669675       7.39179086E-04 -0.907800674       2.17157169E-04   8.57452774      0.131568581      0.720273077       7.24979350E-03   2.87922931       3.14278491E-02
  0.583999991      0.110958129       8.11131671E-04 -0.920689166       2.13071806E-04   9.78151608      0.148607358      0.761308312       7.58200558E-03   2.88109732       3.17114331E-02
  0.589999974      0.120642319       1.00594456E-03 -0.934817195       2.38686582E-04   11.6285362      0.192463607      0.801204860       7.37344753E-03   2.83107018       3.72447222E-02
  0.596000016      0.131565079       1.20796356E-03 -0.949061453       2.45713512E-04   13.3799515      0.236625180      0.868475199       9.39567015E-03   2.75439167       3.10917422E-02
  0.601999998      0.145104304       1.55637914E-03 -0.964084744       2.60180706E-04   16.7247028      0.320390999      0.902168870       9.37203504E-03   2.77698827       3.17281187E-02
  0.607999980      0.155174300       1.68565218E-03 -0.978317201       2.85999209E-04   19.0943947      0.374972016      0.943867981       9.74045135E-03   2.74068475       3.19988467E-02
  0.614000022      0.181966603       2.22978555E-03 -0.994701087       2.95577454E-04   25.0509167      0.506429672       1.03491247       1.17500070E-02   2.56978416       3.23344842E-02
  0.620000005      0.200569257       2.86151655E-03  -1.01108384       3.47791298E-04   30.0990009      0.698866248       1.10492551       1.31125106E-02   2.50431299       3.54221091E-02
  0.625999987      0.237750396       3.64096696E-03  -1.02974558       4.45884652E-04   38.7933388      0.779932737       1.19465899       1.45238070E-02   2.28588891       3.58216166E-02
  0.632000029      0.281050950       4.40667942E-03  -1.04842222       5.31054102E-04   48.2436638      0.930372000       1.35967672       1.88484695E-02   2.07741237       3.30913104E-02
  0.638000011      0.348807871       5.81488153E-03  -1.07112086       7.31437991E-04   60.3594246       1.01191747       1.58843064       2.41746437E-02   1.80493498       2.95077506E-02
  0.643999994      0.421581596       6.53759623E-03  -1.09496391       8.60133499E-04   66.9240189       1.45645428       1.77427149       2.31902059E-02   1.57326555       2.56594215E-02
  0.649999976      0.509272218       7.39698159E-03  -1.12310874       9.92875313E-04   70.0513992       2.55836034       1.99477792       2.29624361E-02   1.38298965       2.12623887E-02
  0.656000018      0.606960535       6.25084667E-03  -1.15172136       1.00058736E-03   51.3188210       2.85623074       1.99738419       3.15578282E-02   1.20379078       1.24668684E-02
  0.662000000      0.680376291       5.04961656E-03  -1.17858481       8.98413418E-04   36.2090759       3.04982424       1.92099607       4.15910222E-02   1.11703503       8.66137631E-03
  0.667999983      0.733387709       3.88290198E-03  -1.20221984       7.16530834E-04   23.5859928       2.63970757       1.66626918       3.57786566E-02   1.06784260       5.79194399E-03
  0.674000025      0.778061569       1.85249140E-03  -1.22352266       4.72377258E-04   11.0858459       1.06562519       1.47122884       2.46701576E-02   1.03408051       2.15460220E-03
  0.680000007      0.806167662       1.36069290E-03  -1.24196422       4.31337889E-04   7.41486025      0.546230495       1.36915278       2.09687054E-02   1.02265894       1.33688224E-03
  0.685999990      0.829449713       7.67363410E-04  -1.25825930       3.00960761E-04   4.34809780      0.273496777       1.18457329       1.44533310E-02   1.01340818       6.44503918E-04
  0.692000031      0.846894622       5.77968080E-04  -1.27282751       2.77415587E-04   3.02476048      0.151963711       1.08518600       1.27962958E-02   1.00918484       3.81182093E-04
  0.698000014      0.860813797       4.40193951E-04  -1.28585386       2.43419825E-04   2.35613203       7.56110176E-02   1.02083504       1.07031334E-02   1.00706613       2.01190269E-04
  0.703999996      0.871093452       4.13575646E-04  -1.29687345       2.43047019E-04   2.10214686       7.78000280E-02  0.979108810       1.16127040E-02   1.00609136       1.95052635E-04
  0.709999979      0.883227348       3.01641354E-04  -1.30887640       2.01126328E-04   1.52756596       5.02198264E-02  0.888641417       9.60309803E-03   1.00434864       1.30021654E-04
  0.716000021      0.892323434       2.59930181E-04  -1.31952763       2.06788987E-04   1.31041682       3.92875038E-02  0.848935366       8.70315358E-03   1.00363696       9.69634566E-05
  0.722000003      0.900710225       2.24323652E-04  -1.32907164       1.93289801E-04   1.08693957       2.57028472E-02  0.819117665       9.03818756E-03   1.00297046       6.59770521E-05
  0.727999985      0.907684207       2.19137131E-04  -1.33798003       1.86313104E-04  0.964581668       3.66069116E-02  0.771569312       8.50780960E-03   1.00255227       8.64686954E-05
  0.734000027      0.914314747       1.98967420E-04  -1.34645796       1.78014554E-04  0.808790445       3.39546464E-02  0.722872436       7.76482793E-03   1.00210798       7.60176263E-05
  0.740000010      0.920225799       1.45275655E-04  -1.35432482       1.50479507E-04  0.671813011       1.02341920E-02  0.687998950       6.74858550E-03   1.00173461       2.76516348E-05
  0.745999992      0.925374389       1.41161305E-04  -1.36141706       1.61344578E-04  0.596297622       1.07737789E-02  0.652756751       6.84195803E-03   1.00150764       3.78471814E-05
  0.751999974      0.930245101       1.44930716E-04  -1.36829078       1.70402956E-04  0.512080252       7.50841293E-03  0.635253727       6.46678358E-03   1.00128722       2.05663418E-05
  0.758000016      0.934543848       1.27384556E-04  -1.37462890       1.46565028E-04  0.464024812       8.44310503E-03  0.588307559       5.92440972E-03   1.00114644       2.05348897E-05
  0.763999999      0.938723028       1.19038217E-04  -1.38108861       1.47709230E-04  0.410566956       6.24269852E-03  0.569867492       5.97656565E-03   1.00101066       2.86937811E-05
  0.769999981      0.942109585       1.20950390E-04  -1.38638794       1.40507807E-04  0.392960757       7.38452934E-03  0.554954648       5.51582314E-03   1.00095105       2.48215947E-05
  0.776000023      0.945699513       1.00319179E-04  -1.39188302       1.40007614E-04  0.331229568       4.74115647E-03  0.520501196       5.45655750E-03   1.00079489       1.44560781E-05
  0.782000005      0.948843360       9.79853430E-05  -1.39697361       1.30328917E-04  0.310139030       4.43607382E-03  0.508266389       5.19101555E-03   1.00074339       2.78943007E-05
  0.787999988      0.951924682       9.31001050E-05  -1.40213764       1.30975794E-04  0.280166775       3.77096911E-03  0.483790666       4.94282553E-03   1.00068247       1.26125678E-05
  0.794000030      0.954580784       8.12176586E-05  -1.40653312       1.22794576E-04  0.255781353       3.65954055E-03  0.462419957       5.06981136E-03   1.00062585       1.33993872E-05
  0.800000012      0.956957996       8.48981726E-05  -1.41065502       1.23335922E-04  0.240352809       3.09878122E-03  0.457647473       4.79469635E-03   1.00059807       5.60274530E-05
