  0.505999982      0.141475439       8.62029323E-04 -0.766826153       4.51532367E-04   2.50495839       3.12279444E-02  0.453459829       4.53619426E-03   2.84131908       2.78617013E-02
  0.512000024      0.145703882       8.71195516E-04 -0.777420044       4.53153887E-04   2.67864609       3.47786397E-02  0.482957035       4.38157795E-03   2.80162287       2.66432706E-02
  0.518000007      0.151081681       9.36813769E-04 -0.787346303       4.61646443E-04   2.90033722       3.42320949E-02  0.493352294       5.12282783E-03   2.79871726       2.68303622E-02
  0.523999989      0.158330530       1.04465464E-03 -0.800200701       4.86172416E-04   3.20980597       4.37463894E-02  0.512677252       5.04778046E-03   2.78624582       2.76171882E-02
  0.529999971      0.163553491       1.02509931E-03 -0.809866428       4.76657297E-04   3.38082433       4.17925678E-02  0.539370060       5.79334702E-03   2.73878741       2.55504288E-02
  0.536000013      0.169965491       1.20626669E-03 -0.821364343       4.68600803E-04   3.73157144       5.01267090E-02  0.546118379       5.66635327E-03   2.72509313       2.55400296E-02
  0.541999996      0.178780794       1.31182128E-03 -0.833964467       5.14090410E-04   4.11890030       5.57115600E-02  0.568782806       5.89727517E-03   2.71680474       2.57994533E-02
  0.547999978      0.186622277       1.38438109E-03 -0.844891489       4.86495148E-04   4.46907091       5.73607869E-02  0.595751286       6.41532242E-03   2.65062022       2.42795870E-02
  0.554000020      0.197551325       1.21587480E-03 -0.857920587       5.41494403E-04   5.05976629       6.00717328E-02  0.646255732       6.72769779E-03   2.66450810       2.18084715E-02
  0.560000002      0.206931859       1.33754604E-03 -0.869985461       4.82693868E-04   5.51241541       6.35353774E-02  0.650981188       6.27580145E-03   2.60153985       2.12152209E-02
  0.565999985      0.220867917       1.42708665E-03 -0.883321166       5.53659105E-04   6.21504354       6.74096569E-02  0.703882098       7.04571465E-03   2.52162910       1.96398459E-02
  0.572000027      0.232099459       1.58934528E-03 -0.895359695       5.42582886E-04   6.76870060       7.51343891E-02  0.728457868       7.86677282E-03   2.48206520       2.01219209E-02
  0.578000009      0.250402063       1.73599063E-03 -0.910427809       5.81116416E-04   7.66132116       8.28586519E-02  0.786631405       8.42134655E-03   2.37874722       1.82461943E-02
  0.583999991      0.263076186       1.82025624E-03 -0.923130751       5.71900397E-04   8.43592930       9.07385498E-02  0.827628016       9.71319620E-03   2.35087347       1.69586241E-02
  0.589999974      0.284502625       2.15469976E-03 -0.938108683       6.48871704E-04   9.41856384       9.99838039E-02  0.882388175       1.04459533E-02   2.24130249       1.73302591E-02
  0.596000016      0.308720738       2.46374658E-03 -0.954783022       7.01883284E-04   10.5698547      0.104052193      0.945720971       1.04704872E-02   2.11805654       1.71523988E-02
  0.601999998      0.336312532       2.61006178E-03 -0.971648633       7.32693064E-04   11.8652382      0.104058549       1.03906429       1.19685866E-02   2.02914810       1.56959407E-02
  0.607999980      0.366646439       2.90476158E-03 -0.989133477       8.49034463E-04   12.8196087      0.105305918       1.13299000       1.34093538E-02   1.90827131       1.52892917E-02
  0.614000022      0.399817258       3.00563406E-03  -1.00776303       8.56838480E-04   13.9889879      0.110875621       1.21145844       1.36799803E-02   1.78823066       1.33151645E-02
  0.620000005      0.437361121       3.54163162E-03  -1.02826476       1.02951343E-03   14.8458128      0.139318600       1.32454360       1.51991425E-02   1.68412113       1.40882181E-02
  0.625999987      0.473749459       3.44921416E-03  -1.04715621       1.04988459E-03   15.4590559      0.151388079       1.43265593       1.50667345E-02   1.58543432       1.23912040E-02
  0.632000029      0.521943092       4.00088914E-03  -1.07327652       1.19143946E-03   15.9794092      0.214328721       1.51201558       1.49780009E-02   1.47149360       1.19407130E-02
  0.638000011      0.562708855       3.58682708E-03  -1.09309936       1.08465215E-03   15.1921997      0.240360796       1.59551883       1.53586883E-02   1.38603616       9.49400198E-03
  0.643999994      0.612386048       3.77549860E-03  -1.11855352       1.17081904E-03   14.0793829      0.294762850       1.63887167       1.56912189E-02   1.29657578       8.34752899E-03
  0.649999976      0.649407268       3.61852860E-03  -1.14063692       1.18172448E-03   13.1225548      0.316588193       1.62247741       1.77216679E-02   1.24246240       7.11768260E-03
  0.656000018      0.701732755       3.24151805E-03  -1.16711152       1.09634455E-03   10.2600365      0.360160917       1.56177628       1.99783053E-02   1.16601193       5.41952765E-03
  0.662000000      0.726025581       3.10908817E-03  -1.18481636       1.06994447E-03   9.44711590      0.358264983       1.50271654       1.93643384E-02   1.14211118       5.02018724E-03
  0.667999983      0.756265700       3.08593456E-03  -1.20638561       1.07662287E-03   8.48887444      0.407686532       1.49783790       2.32538190E-02   1.11535382       4.79632802E-03
  0.674000025      0.788289726       2.34201085E-03  -1.22559154       9.12264222E-04   5.91765213      0.309371561       1.33515811       1.96384080E-02   1.07988775       3.31371720E-03
  0.680000007      0.811391532       1.73450471E-03  -1.24323487       7.98368186E-04   4.69435644      0.229285315       1.25932348       1.71390902E-02   1.06220007       2.24995916E-03
  0.685999990      0.832707107       1.42265530E-03  -1.25916123       6.98167365E-04   3.36532354      0.186897099       1.15013278       1.64074488E-02   1.04523873       1.67823862E-03
  0.692000031      0.846788764       1.24559819E-03  -1.27223980       6.19352038E-04   2.92206478      0.161499828       1.09006298       1.49227148E-02   1.03804052       1.38392311E-03
  0.698000014      0.861946106       1.04738958E-03  -1.28632164       5.99554682E-04   2.21974421      0.129877344       1.02854204       1.43020879E-02   1.02960789       1.17132964E-03
  0.703999996      0.871572673       9.05847584E-04  -1.29711437       5.39464061E-04   1.94108903      0.104261972      0.973991871       1.25532364E-02   1.02556992       9.57713404E-04
  0.709999979      0.883744419       6.73544826E-04  -1.30904400       5.05043427E-04   1.46243656       7.57444650E-02  0.896079779       1.09576071E-02   1.01953471       6.10998191E-04
  0.716000021      0.892755866       6.86470245E-04  -1.31988978       4.94193286E-04   1.24921525       8.30152035E-02  0.834317267       1.01198647E-02   1.01625013       6.04584289E-04
  0.722000003      0.900101542       5.16255444E-04  -1.32881451       4.11757384E-04   1.09296215       4.14082743E-02  0.811514199       9.28187277E-03   1.01435220       4.25648701E-04
  0.727999985      0.908858418       4.99534362E-04  -1.33937359       4.36386646E-04  0.891396582       3.58110778E-02  0.748606443       9.02220886E-03   1.01158059       3.57369572E-04
  0.734000027      0.914059758       4.24093392E-04  -1.34582388       3.96245829E-04  0.794225097       3.61338407E-02  0.731430888       9.15236771E-03   1.01014292       3.21764732E-04
  0.740000010      0.919666886       3.90927074E-04  -1.35348237       3.94555362E-04  0.668214679       2.00210921E-02  0.686661839       7.96333607E-03   1.00862908       2.16061759E-04
  0.745999992      0.925356627       3.22415435E-04  -1.36138010       3.67339468E-04  0.578242838       1.69887710E-02  0.654159009       7.14977644E-03   1.00738692       1.72420943E-04
  0.751999974      0.929924190       3.48512258E-04  -1.36781108       3.83939099E-04  0.511763990       1.63698792E-02  0.623264134       7.11807888E-03   1.00649190       1.76827845E-04
  0.758000016      0.934792161       3.35400575E-04  -1.37479496       3.76262295E-04  0.454280615       1.40713677E-02  0.598194540       6.83217216E-03   1.00567889       1.53456989E-04
  0.763999999      0.938368440       3.06957751E-04  -1.38076723       3.61103856E-04  0.414938480       1.02199716E-02  0.578841329       6.35428121E-03   1.00515306       1.16444964E-04
  0.769999981      0.942182720       3.14429577E-04  -1.38646638       3.41125589E-04  0.385384530       2.20139828E-02  0.552389324       6.01412356E-03   1.00463676       1.86032586E-04
  0.776000023      0.945443869       2.59920140E-04  -1.39162898       3.32781463E-04  0.331460834       7.97143672E-03  0.526092291       5.88769140E-03   1.00401747       8.92106327E-05
  0.782000005      0.949354470       2.35833169E-04  -1.39782345       2.95648817E-04  0.298281163       7.42309028E-03  0.501374483       5.32876793E-03   1.00356543       8.39241911E-05
  0.787999988      0.952187002       2.05276418E-04  -1.40217054       2.83905101E-04  0.265765488       5.73798036E-03  0.477666855       4.92660934E-03   1.00315785       6.11436553E-05
  0.794000030      0.954425693       2.37406945E-04  -1.40605724       3.08066286E-04  0.259752244       8.17839708E-03  0.468554646       5.31291869E-03   1.00302637       8.76858539E-05
  0.800000012      0.956864357       2.05807461E-04  -1.41062605       2.86816881E-04  0.238952443       6.22975966E-03  0.452434897       5.22156525E-03   1.00276828       6.65592452E-05
